dis =[0 6 42 3.7 20.6 15.9 15.7 31.65 26.8 9.1 2.3 11.5;
6 0 35.9 1.4 16 16.1 12 25.7 23 15 3 12.4;
42 35.9 0 36 12 41.7 30.6 9.7 11.7 50 39.4 41.8;
3.7 1.4 36 0 16 18.3 14.7 25.8 22 13.5 3.8 14.5;
20.6 16 12 16 0 20.5 10.4 4 0.8 28.4 18 19.9;
15.9 16.1 41.7 18.3 20.5 0 8.6 32.5 20 14.9 15 2.6;
15.7 12 30.6 14.7 10.4 8.6 0 22.3 10.5 20.2 13.4 8.8;
31.65 25.7 9.7 25.8 4 32.5 22.3 0 0.9 40.4 29.1 32;
26.8 23 11.7 22 0.8 20 10.5 1.15 0 32 24.1 21;
9.1 15 50 13.5 28.4 14.9 20.2 40.4 32 0 11.3 11.5;
2.3 3 39.4 3.8 18 15 13.4 29.1 24.1 11.3 0 10.8;
11.5 12.4 41.8 14.5 19.9 2.6 8.8 32 21 11.5 10.8 0];
